958
-0.717
0.620
-2.571
-3.656
0.341
1.108
2.607
2.164
0.187
-5.567
-1.601
2.124
0.926
0.228
-0.788
-0.059
-3.236
-0.697
0.152
1.133
3.262
1.945
-3.280
-4.743
0.080
-0.311
-1.920
1.721
0.465
3.436
7.841
-2.056
0.521
4.222
-0.341
1.675
1.183
-3.252
-1.700
1.835
6.428
6.160
3.080
3.192
-1.016
-0.113
-0.310
2.066
0.658
1.085
-5.051
1.989
-4.616
-4.989
3.101
-2.432
2.010
2.735
-1.957
7.681
-3.613
-1.497
4.440
-1.129
-3.078
-3.362
3.972
0.385
0.344
-3.726
-5.076
0.916
-0.923
-1.119
-2.929
-2.258
-4.118
-4.006
0.770
5.663
5.475
-0.224
-4.045
-3.586
-4.003
3.716
-1.697
4.499
1.396
2.446
1.108
2.993
2.510
-1.088
-1.006
0.259
-1.955
1.620
-0.138
1.685
-4.762
0.358
-4.648
-5.920
-4.959
0.039
-0.941
-2.564
1.179
3.052
-1.075
-4.883
3.145
1.564
-4.459
-1.315
-0.292
3.791
-1.334
1.071
-4.054
0.372
-2.564
-3.943
-2.874
0.022
-1.589
-1.205
0.131
0.678
-0.522
-4.108
2.446
1.429
-2.573
-0.191
-4.094
3.678
-2.468
-3.006
0.582
-3.058
-5.266
3.850
-2.691
1.428
-1.421
3.590
-2.395
-1.123
-3.918
-1.061
1.797
-2.429
-5.237
-3.213
-0.019
-0.554
2.139
-2.665
1.350
1.288
1.374
0.600
0.637
1.729
-4.757
-1.927
1.285
1.070
-1.053
-2.505
-1.451
-0.199
-1.953
-0.664
-0.934
-2.652
-0.015
-3.815
-1.407
-4.180
0.313
-2.832
-4.814
-0.004
-1.575
-1.837
-2.421
-3.160
-0.550
-1.983
2.816
2.535
0.156
0.850
0.985
-8.038
-0.727
0.791
0.119
0.270
1.914
-0.264
-0.031
2.358
-0.525
-3.139
0.470
1.700
-3.389
2.225
1.142
-1.490
1.200
2.824
-0.523
0.350
3.858
-3.049
0.262
0.256
-0.364
-1.609
4.823
-4.153
-1.340
-0.351
3.210
-0.273
-0.240
-1.314
2.285
-0.239
-0.907
-0.041
-0.763
3.342
0.396
5.229
-1.900
-1.832
0.777
2.128
3.501
4.218
-0.421
4.172
-3.394
-1.514
-5.111
9.172
-2.309
1.329
-6.343
2.288
-0.624
1.773
-3.268
1.736
1.915
1.352
-3.258
-0.476
-4.618
-5.143
3.878
3.974
1.118
1.761
-2.094
-0.404
0.104
1.464
1.153
-0.961
-3.323
-0.833
1.394
-1.651
4.704
-8.738
0.025
-2.732
0.958
2.379
-1.338
0.526
-6.690
-3.067
1.455
-1.264
4.040
0.040
-5.706
-2.224
-2.316
-1.084
-1.265
1.390
-0.763
-3.304
-4.199
0.992
-0.067
-1.886
-1.262
-4.107
0.614
2.713
-0.031
1.348
-4.620
0.602
3.241
-1.071
0.957
2.745
-3.831
2.393
-0.114
-1.780
-2.185
-1.820
-2.158
0.675
-0.322
1.225
3.813
-1.647
2.828
2.132
-0.314
-2.079
1.629
1.129
-0.133
-0.056
-1.042
1.729
-0.863
1.120
-1.600
0.536
1.422
4.007
1.036
2.413
-3.981
3.323
1.487
0.657
7.410
-1.288
-3.106
-2.596
-0.351
-3.654
-2.213
-1.974
2.537
-2.552
1.809
3.983
-0.045
-4.750
-2.531
0.263
-0.382
0.638
0.013
-1.801
0.435
0.565
-0.933
1.331
4.398
1.574
-0.326
-3.846
-0.404
1.052
0.316
-4.552
0.826
0.181
4.315
6.956
5.430
-0.858
-2.233
3.641
-2.184
-0.374
1.237
-1.797
0.364
-1.602
0.855
2.516
-0.315
0.931
1.795
2.104
4.101
1.451
3.224
-0.334
-1.991
2.484
1.017
-1.905
1.251
1.694
-0.956
-2.056
-0.841
3.410
1.999
1.162
-5.720
-1.962
-2.635
-3.475
-0.151
-0.809
-1.770
0.366
4.540
0.217
-1.434
0.946
0.353
-0.604
-1.685
-0.339
-0.965
2.531
-3.601
-3.279
1.404
0.018
0.269
1.052
-5.608
2.816
-4.572
0.322
-2.968
3.192
1.035
0.366
1.819
3.634
-0.811
-3.695
-0.527
-3.263
4.301
-0.765
-0.863
-1.868
-2.619
-0.077
2.456
2.302
0.158
-1.248
-2.989
-2.737
1.932
1.330
-1.130
-2.918
2.946
0.697
5.185
-2.614
-4.508
1.367
2.531
-0.001
1.311
0.192
-0.017
2.166
7.380
-2.630
2.881
-3.303
-3.660
0.318
2.758
2.419
0.411
1.108
4.430
3.137
-2.474
-0.332
-2.544
2.535
-1.500
-1.382
-2.347
0.401
-3.513
-2.301
-1.588
1.229
0.496
3.462
4.114
3.950
6.353
-3.503
-3.978
-2.814
2.958
-1.778
0.505
0.509
-1.511
2.667
-3.825
4.510
-0.864
-0.679
-4.228
2.446
1.549
-2.828
2.642
0.203
0.465
3.369
-2.752
-1.027
2.952
2.328
-5.697
2.707
-2.051
1.059
2.373
-2.393
-2.287
-1.773
-4.495
-2.098
-0.898
-2.391
-1.649
-1.275
-4.420
-3.484
0.833
-1.881
-0.122
0.379
-1.837
-1.057
2.018
4.081
5.976
0.416
2.425
-3.851
-5.672
0.665
1.582
-1.050
-0.062
5.246
1.984
-1.474
1.425
-1.188
-2.739
-5.357
-0.364
-3.923
-2.126
-3.137
1.828
-2.643
3.657
1.182
-2.491
0.550
1.127
-0.423
-2.281
0.173
1.948
4.663
4.115
-1.254
2.181
-2.125
1.889
-1.405
1.106
-1.473
5.986
1.137
-0.777
-0.488
2.214
-2.401
1.296
0.126
-2.381
-1.327
0.074
1.727
1.496
-2.421
3.643
2.374
0.114
0.219
-2.821
0.715
-2.440
-0.443
-3.429
-0.403
-4.882
7.177
3.384
1.228
1.366
-0.351
1.435
-1.180
1.595
5.502
-2.274
0.867
1.563
-1.857
0.861
-0.748
0.418
2.607
2.773
0.455
-1.483
-0.831
4.001
3.805
2.917
3.736
-2.835
6.544
-2.080
-3.703
0.155
-1.637
0.751
3.650
0.295
3.188
-1.485
-1.707
-1.088
2.854
-2.420
-0.918
1.389
0.059
3.957
-3.066
-5.346
-1.289
-4.385
-0.500
-0.865
-2.298
-2.351
3.307
-2.871
6.964
-2.465
-0.844
0.999
3.585
-0.252
2.065
2.081
-2.121
-1.185
2.347
1.287
-0.149
0.247
-1.363
1.674
-1.171
-0.780
1.716
0.238
-0.773
1.816
-4.116
0.986
-0.807
0.844
1.758
-0.358
4.036
-0.165
2.896
0.690
0.929
-2.182
-3.879
3.680
-1.695
-2.678
-3.402
3.966
3.144
-1.369
2.848
1.503
-5.345
2.179
-1.134
-2.165
0.901
-1.256
-2.015
0.799
-0.076
-2.435
-1.509
1.519
-3.792
-0.355
-2.533
0.962
0.637
-2.934
3.269
0.758
0.838
-3.556
1.294
-0.100
-5.788
-2.957
-2.948
6.171
-2.804
2.791
-3.871
-1.050
3.433
2.402
1.709
1.397
2.401
-2.382
-0.332
1.765
-4.341
2.801
2.130
0.221
-2.907
1.078
-0.306
-1.031
-0.004
0.448
-3.229
1.545
-3.647
-1.736
-3.019
-3.340
3.714
-3.160
-0.438
-1.138
0.782
0.243
1.464
-1.155
-3.896
-1.808
-2.418
-0.594
2.286
0.775
-2.535
-4.207
-2.977
